6
hextop3d
tris
normal: 0 0 1
2 0 .2
0 0 .2
1 1.75 .2
normal: 0 0 -1
2 0 .2
1 1.75 .2
0 0 .2
normal: 0 0 1
0 0 .2
2 0 .2
1 -1.75 .2
normal: 0 0 -1
0 0 .2
1 -1.75 .2
2 0 .2
normal: 0 0 1
0 0 .2
1 -1.75 .2
-1 -1.75 .2
normal: 0 0 -1
0 0 .2
-1 -1.75 .2
1 -1.75 .2
normal: 0 0 1
0 0 .2
-1 -1.75 .2
-2 0 .2
normal: 0 0 -1
0 0 .2
-2 0 .2
-1 -1.75 .2
normal: 0 0 1
0 0 .2
-2 0 .2
-1 1.75 .2
normal: 0 0 -1
0 0 .2
-1 1.75 .2
-2 0 .2
normal: 0 0 1
0 0 .2
-1 1.75 .2
1 1.75 .2
normal: 0 0 -1
0 0 .2
1 1.75 .2
-1 1.75 .2
stop
end-shape
hextopsides3d
quads
normal: .867 0.5 0
2 0 .2 
1 1.75 .2
1 1.75 0
2 0 0
normal: -0.867 -0.5 0
2 0 .2 
2 0 0
1 1.75 0
1 1.75 .2
normal: .867 -.5 0
1 -1.75 .2
2 0 .2
2 0 0
1 -1.75 0
normal: -.867 .5 0
1 -1.75 .2
1 -1.75 0
2 0 0
2 0 .2
normal: 0 -1 0
-1 -1.75 .2
1 -1.75 .2
1 -1.75 0
-1 -1.75 0
normal: 0 1 0
-1 -1.75 .2
-1 -1.75 0
1 -1.75 0
1 -1.75 .2
normal: -.867 -.5 0
-2 0 .2
-1 -1.75 .2
-1 -1.75 0
-2 0 0
normal: .867 .5 0
-2 0 .2
-2 0 0
-1 -1.75 0
-1 -1.75 .2
normal: -.867 .5 0
-1 1.75 .2
-2 0 .2
-2 0 0
-1 1.75 0
normal: .867 -.5 0
-1 1.75 .2
-1 1.75 0
-2 0 0
-2 0 .2
normal: 0 1 0
1 1.75 .2
-1 1.75 .2
-1 1.75 0
1 1.75 0
normal: -1 0 0
1 1.75 .2
1 1.75 0
-1 1.75 0
-1 1.75 .2
stop
end-shape
hexbase3d
tris
normal: 0 0 1
2 0 -.2
0 0 -.2
1 1.75 -.2
normal: 0 0 -1
2 0 -.2
1 1.75 -.2
0 0 -.2
normal: 0 0 1
0 0 -.2
2 0 -.2
1 -1.75 -.2
normal: 0 0 -1
0 0 -.2
1 -1.75 -.2
2 0 -.2
normal: 0 0 1
0 0 -.2
1 -1.75 -.2
-1 -1.75 -.2
normal: 0 0 -1
0 0 -.2
-1 -1.75 -.2
1 -1.75 -.2
normal: 0 0 1
0 0 -.2
-1 -1.75 -.2
-2 0 -.2
normal: 0 0 -1
0 0 -.2
-2 0 -.2
-1 -1.75 -.2
normal: 0 0 1
0 0 -.2
-2 0 -.2
-1 1.75 -.2
normal: 0 0 -1
0 0 -.2
-1 1.75 -.2
-2 0 -.2
normal: 0 0 1
0 0 -.2
-1 1.75 -.2
1 1.75 -.2
normal: 0 0 -1
0 0 -.2
1 1.75 -.2
-1 1.75 -.2
stop
end-shape
hexbasesides3d
quads
normal: .867 0.5 0
2 0 -.2 
1 1.75 -.2
1 1.75 0
2 0 0
normal: -0.867 -0.5 0
2 0 -.2 
2 0 0
1 1.75 0
1 1.75 -.2
normal: .867 -.5 0
1 -1.75 -.2
2 0 -.2
2 0 0
1 -1.75 0
normal: -.867 .5 0
1 -1.75 -.2
1 -1.75 0
2 0 0
2 0 -.2
normal: 0 -1 0
-1 -1.75 -.2
1 -1.75 -.2
1 -1.75 0
-1 -1.75 0
normal: 0 1 0
-1 -1.75 -.2
-1 -1.75 0
1 -1.75 0
1 -1.75 -.2
normal: -.867 -.5 0
-2 0 -.2
-1 -1.75 -.2
-1 -1.75 0
-2 0 0
normal: .867 .5 0
-2 0 -.2
-2 0 0
-1 -1.75 0
-1 -1.75 -.2
normal: -.867 .5 0
-1 1.75 -.2
-2 0 -.2
-2 0 0
-1 1.75 0
normal: .867 -.5 0
-1 1.75 -.2
-1 1.75 0
-2 0 0
-2 0 -.2
normal: 0 1 0
1 1.75 -.2
-1 1.75 -.2
-1 1.75 0
1 1.75 0
normal: -1 0 0
1 1.75 -.2
1 1.75 0
-1 1.75 0
-1 1.75 -.2
stop
end-shape
tablettop3d
quads
normal: 0 0 1
.5 1 .2
.5 -1 .2
-.5 -1 .2
-.5 1 .2
normal: 0 0 -1
.5 1 .2
-.5 1 .2
-.5 -1 .2
.5 -1 .2
normal: 0 0 1
.5 1 .01
.5 -1 .01
-.5 -1 .01
-.5 1 .01
normal: 0 0 -1
.5 1 .01
-.5 1 .01
-.5 -1 .01
.5 -1 .01
normal: 0 1 0
.5 1 .2
-.5 1 .2
-.5 1 .01
.5 1 .01
normal: 0 -1 0
-.5 1 .2
.5 1 .2
.5 1 .01
-.5 1 .01
normal: 1 0 0
.5 -1 .2
.5 1 .2
.5 1 .01
.5 -1 .01
normal: -1 0 0
.5 1 .2
.5 -1 .2
.5 -1 .01
.5 1 .01
normal: 0 1 0
-.5 -1 .2
-.5 -1 .01
.5 -1 .01
.5 -1 .2
normal: 0 -1 0
-.5 -1 .2
.5 -1 .2
.5 -1 .01
-.5 -1 .01
normal: -1 0 0
-.5 -1 .2
-.5 -1 .01
-.5 1 .01
-.5 1 .2
normal: 1 0 0
-.5 1 .2
-.5 1 .01
-.5 -1 .01
-.5 -1 .2
stop
end-shape
tabletbase3d
quads
normal: 0 0 1
.5 1 -.2
.5 -1 -.2
-.5 -1 -.2
-.5 1 -.2
normal: 0 0 -1
.5 1 -.2
-.5 1 -.2
-.5 -1 -.2
.5 -1 -.2
normal: 0 0 1
.5 1 -.01
.5 -1 -.01
-.5 -1 -.01
-.5 1 -.01
normal: 0 0 -1
.5 1 -.01
-.5 1 -.01
-.5 -1 -.01
.5 -1 -.01
normal: 0 1 0
.5 1 -.2
-.5 1 -.2
-.5 1 -.01
.5 1 -.01
normal: 0 -1 0
-.5 1 -.2
.5 1 -.2
.5 1 -.01
-.5 1 -.01
normal: 1 0 0
.5 -1 -.2
.5 1 -.2
.5 1 -.01
.5 -1 -.01
normal: -1 0 0
.5 1 -.2
.5 -1 -.2
.5 -1 -.01
.5 1 -.01
normal: 0 1 0
-.5 -1 -.2
-.5 -1 -.01
.5 -1 -.01
.5 -1 -.2
normal: 0 -1 0
-.5 -1 -.2
.5 -1 -.2
.5 -1 -.01
-.5 -1 -.01
normal: -1 0 0
-.5 -1 -.2
-.5 -1 -.01
-.5 1 -.01
-.5 1 -.2
normal: 1 0 0
-.5 1 -.2
-.5 1 -.01
-.5 -1 -.01
-.5 -1 -.2
stop
end-shape