2
tabletbase3d
quads
normal: 0 0 1
.5 1 -.2
.5 -1 -.2
-.5 -1 -.2
-.5 1 -.2
normal: 0 0 -1
.5 1 -.2
-.5 1 -.2
-.5 -1 -.2
.5 -1 -.2
normal: 0 0 1
.5 1 -.01
.5 -1 -.01
-.5 -1 -.01
-.5 1 -.01
normal: 0 0 -1
.5 1 -.01
-.5 1 -.01
-.5 -1 -.01
.5 -1 -.01
normal: 0 1 0
.5 1 -.2
-.5 1 -.2
-.5 1 -.01
.5 1 -.01
normal: 0 -1 0
-.5 1 -.2
.5 1 -.2
.5 1 -.01
-.5 1 -.01
normal: 1 0 0
.5 -1 -.2
.5 1 -.2
.5 1 -.01
.5 -1 -.01
normal: -1 0 0
.5 1 -.2
.5 -1 -.2
.5 -1 -.01
.5 1 -.01
normal: 0 1 0
-.5 -1 -.2
-.5 -1 -.01
.5 -1 -.01
.5 -1 -.2
normal: 0 -1 0
-.5 -1 -.2
.5 -1 -.2
.5 -1 -.01
-.5 -1 -.01
normal: -1 0 0
-.5 -1 -.2
-.5 -1 -.01
-.5 1 -.01
-.5 1 -.2
normal: 1 0 0
-.5 1 -.2
-.5 1 -.01
-.5 -1 -.01
-.5 -1 -.2
stop
end-shape
tablettop3d
quads
normal: 0 0 1
.5 1 .2
.5 -1 .2
-.5 -1 .2
-.5 1 .2
normal: 0 0 -1
.5 1 .2
-.5 1 .2
-.5 -1 .2
.5 -1 .2
normal: 0 0 1
.5 1 .01
.5 -1 .01
-.5 -1 .01
-.5 1 .01
normal: 0 0 -1
.5 1 .01
-.5 1 .01
-.5 -1 .01
.5 -1 .01
normal: 0 1 0
.5 1 .2
-.5 1 .2
-.5 1 .01
.5 1 .01
normal: 0 -1 0
-.5 1 .2
.5 1 .2
.5 1 .01
-.5 1 .01
normal: 1 0 0
.5 -1 .2
.5 1 .2
.5 1 .01
.5 -1 .01
normal: -1 0 0
.5 1 .2
.5 -1 .2
.5 -1 .01
.5 1 .01
normal: 0 1 0
-.5 -1 .2
-.5 -1 .01
.5 -1 .01
.5 -1 .2
normal: 0 -1 0
-.5 -1 .2
.5 -1 .2
.5 -1 .01
-.5 -1 .01
normal: -1 0 0
-.5 -1 .2
-.5 -1 .01
-.5 1 .01
-.5 1 .2
normal: 1 0 0
-.5 1 .2
-.5 1 .01
-.5 -1 .01
-.5 -1 .2
stop
end-shape
